image_width: 1280
image_height: 720
camera_name: head_camera
camera_matrix:
  rows: 3
  cols: 3
  data: [907.825372, 0.000000, 663.991966, 0.000000, 909.227968, 353.014849, 0.000000, 0.000000, 1.000000]
distortion_model: plumb_bob
distortion_coefficients:
  rows: 1
  cols: 5
  data: [0.075755, -0.172110, 0.005881, -0.002190, 0.000000]
rectification_matrix:
  rows: 3
  cols: 3
  data: [1.000000, 0.000000, 0.000000, 0.000000, 1.000000, 0.000000, 0.000000, 0.000000, 1.000000]
projection_matrix:
  rows: 3
  cols: 4
  data: [903.000183, 0.000000, 663.358151, 0.000000, 0.000000, 918.242371, 355.939563, 0.000000, 0.000000, 0.000000, 1.000000, 0.000000]
