image:
    boundary:          0.26
    debug:             0
    objectSizeLimit:   [400, 1500]
    detectRegionLimit: [500, 800, 60, 360]
    zeroPosition:      [0.145469403, -0.4634773296]
    distanceFactor:    [0.0007164801, 0.0007108548]
redObj:
    lowerHSV:          [0,164,162]
    highHSV:           [11,255,211]
    objectColorBGR:    [60, 90, 170]
    detectBoundary:    40
greenObj:
    lowerHSV:          [36,140,114]
    highHSV:           [255,179,149]
    objectColorBGR:    [90, 150, 120]
    detectBoundary:    40
blueObj:
    lowerHSV:          [67,143,162]
    highHSV:           [119,255,211]
    objectColorBGR:    [170, 110, 70]
    detectBoundary:    40


ExternalMatrix:
  data: !!python/tuple [0.712324814978935, 0.7018341948625076, 0.004703284694958509,
    -136.4179598131431, -0.006802706825668414, 0.00020312648180470516, 0.9999768406915615,
    -0.026287953964014035, 0.701816985506243, -0.712340313095734, 0.004919064301447562,
    87.90651566782144, 0.0, 0.0, 0.0, 1.0]
cameraMatrix:
  data: !!python/tuple [592.988765, 0.0, 316.144026, 0.0, 589.679756, 244.158662,
    0.0, 0.0, 1.0]
distCoeffs:
  data: !!python/tuple [0.111908, -0.302732, -0.000862, -0.000445, 0.0]
eyebase:
  data: !!python/tuple [0.9999262927350819, 0.012140295651447686, 0.00014939744324133248,
    0.0, 0.012138358976642286, -0.9998822784140743, 0.009385603649183276, 0.0, 0.0002633238591056371,
    -0.009383098422207622, -0.9999559430922794, 0.0, 0.0, 0.0, 0.0, 1.0]
hmatrix:
  data: !!python/tuple [221.87493032858464, -225.20244678040257, 1.5551306994508207,
    27791.180480849263, 167.34327764897802, -173.80427815988773, 590.8671315827843,
    21447.63577225808, 0.701816985506243, -0.712340313095734, 0.004919064301447562,
    87.90651566782144]
xmatrix:
  data: !!python/tuple [0.7122945742562539, 0.7016785087776279, 0.016843687414933448,
    -136.39509095328776, 0.02203533637264312, 0.0016302689878390291, -0.9997558632861313,
    -0.8045495935298179, -0.7015346630331762, 0.7124918333171668, -0.014300490211746366,
    -87.93831821974258, 0.0, 0.0, 0.0, 1.0]
